262147
262151
262153
262187
262193
262217
262231
262237
262253
262261
262271
262303
262313
262321
262331
262337
262349
262351
262369
262387
262391
262399
262411
262433
262459
262469
262489
262501
262511
262513
262519
262541
262543
262553
262567
262583
262597
262621
262627
262643
262649
262651
262657
262681
262693
262697
262709
262723
262733
262739
262741
262747
262781
262783
262807
262819
262853
262877
262883
262897
262901
262909
262937
262949
262957
262981
263009
263023
263047
263063
263071
263077
263083
263089
263101
263111
263119
263129
263167
263171
263183
263191
263201
263209
263213
263227
263239
263257
263267
263269
263273
263287
263293
263303
263323
263369
263383
263387
263399
263401